0 1.9207
1 1.87551
2 1.78281
3 1.67016
4 1.57227
5 1.51847
6 1.5221
7 1.57572
8 1.65375
9 1.72177
10 1.74889
11 1.71899
12 1.63647
13 1.5247
14 1.41759
15 1.3473
16 1.33264
17 1.37229
18 1.44525
19 1.51843
20 1.55865
21 1.54456
22 1.4744
23 1.36664
24 1.25328
25 1.1683
26 1.13539
27 1.15938
28 1.22452
29 1.30014
30 1.35174
31 1.35347
32 1.29746
33 1.19666
34 1.08018
35 0.982743
36 0.932166
37 0.939302
38 0.994115
39 1.06931
40 1.1302
41 1.14724
42 1.10667
43 1.01556
44 0.899163
45 0.791873
46 0.724753
47 0.714324
48 0.756599
49 0.828523
50 0.896302
51 0.927615
52 0.903292
53 0.824241
54 0.71112
55 0.596875
56 0.514836
57 0.486676
58 0.514581
59 0.58046
60 0.652484
61 0.696585
62 0.688766
63 0.623772
64 0.516989
65 0.398888
66 0.304011
67 0.258498
68 0.270639
69 0.327879
70 0.401359
71 0.45634
72 0.464754
73 0.415352
74 0.317761
75 0.199012
76 0.0937735
77 0.0318232
78 0.0272934
79 0.0735641
80 0.145655
81 0.209254
82 0.233111
83 0.200335
84 0.11449
85 -0.00168211
86 -0.114488
87 -0.191447
88 -0.213032
89 -0.179721
90 -0.111824
91 -0.0421449
92 -0.00412766
93 -0.0197733
94 -0.0916893
95 -0.202147
96 -0.319486
97 -0.409554
98 -0.448043
99 -0.429273
100 -0.368244
101 -0.295213
102 -0.244766
103 -0.243315
104 -0.29956
105 -0.401342
106 -0.520037
107 -0.620896
108 -0.675599
109 -0.672489
110 -0.62078
111 -0.547229
112 -0.486468
113 -0.46849
114 -0.50781
115 -0.598224
116 -0.715047
117 -0.824031
118 -0.89374
119 -0.906906
120 -0.866667
121 -0.795435
122 -0.726793
123 -0.693368
124 -0.715034
125 -0.791735
126 -0.903506
127 -1.01768
128 -1.1007
129 -1.13023
130 -1.10324
131 -1.03708
132 -0.963223
133 -0.915906
134 -0.91973
135 -0.980792
136 -1.08448
137 -1.20073
138 -1.29493
139 -1.34038
140 -1.32797
141 -1.26945
142 -1.1932
143 -1.13397
144 -1.12031
145 -1.16428
146 -1.25708
147 -1.37221
148 -1.47508
149 -1.53549
150 -1.53852
151 -1.48996
152 -1.41418
153 -1.34535
154 -1.3151
155 -1.34104
156 -1.42047
157 -1.5313
158 -1.64004
159 -1.71393
160 -1.73275
161 -1.69611
162 -1.62363
163 -1.54783
164 -1.50236
165 -1.50988
166 -1.57386
167 -1.67729
168 -1.78889
169 -1.87436
170 -1.90877
171 -1.88563
172 -1.81914
173 -1.73914
174 -1.6803
175 -1.66956
176 -1.71646
177 -1.80963
178 -1.92094
179 -2.01565
180 -2.06497
181 -2.05641
182 -1.99839
183 -1.9171
184 -1.8471
185 -1.8188
186 -1.84749
187 -1.92781
188 -2.03567
189 -2.137
190 -2.19999
191 -2.20664
192 -2.15925
193 -2.07957
194 -2.00095
195 -1.95631
196 -1.96621
197 -2.03145
198 -2.13277
199 -2.23781
200 -2.31279
201 -2.33474
202 -2.29978
203 -2.22451
204 -2.14004
205 -2.08075
206 -2.07183
207 -2.12021
208 -2.21206
209 -2.31776
210 -2.40264
211 -2.43945
212 -2.41827
213 -2.35004
214 -2.26264
215 -2.19081
216 -2.16359
217 -2.19381
218 -2.27352
219 -2.37678
220 -2.46908
221 -2.51981
222 -2.51329
223 -2.45446
224 -2.3671
225 -2.2852
226 -2.24072
227 -2.25203
228 -2.31725
229 -2.41498
230 -2.51197
231 -2.57519
232 -2.5837
233 -2.5363
234 -2.45188
235 -2.36264
236 -2.30247
237 -2.29464
238 -2.34347
239 -2.43271
240 -2.53146
241 -2.60528
242 -2.62868
243 -2.59431
244 -2.51561
245 -2.42196
246 -2.34808
247 -2.32146
248 -2.35244
249 -2.43047
250 -2.52793
251 -2.61011
252 -2.64772
253 -2.62753
254 -2.5571
255 -2.46206
256 -2.37686
257 -2.33233
258 -2.34452
259 -2.40891
260 -2.50204
261 -2.59
262 -2.64067
263 -2.63531
264 -2.57538
265 -2.48195
266 -2.38814
267 -2.3271
268 -2.32011
269 -2.36881
270 -2.45465
271 -2.5456
272 -2.60769
273 -2.61731
274 -2.56974
275 -2.48083
276 -2.3813
277 -2.30565
278 -2.27964
279 -2.31105
280 -2.38682
281 -2.47781
282 -2.54929
283 -2.5735
284 -2.53971
285 -2.45804
286 -2.35585
287 -2.26786
288 -2.22355
289 -2.23657
290 -2.29978
291 -2.38782
292 -2.4663
293 -2.50421
294 -2.48513
295 -2.41314
296 -2.31138
297 -2.21368
298 -2.15232
299 -2.14639
300 -2.19487
301 -2.27701
302 -2.35985
303 -2.41009
304 -2.40614
305 -2.34592
306 -2.24762
307 -2.1431
308 -2.06643
309 -2.04153
310 -2.07354
311 -2.14699
312 -2.23136
313 -2.29211
314 -2.30319
315 -2.25642
316 -2.16444
317 -2.05618
318 -1.96638
319 -1.92304
320 -1.93732
321 -1.9995
322 -2.08247
323 -2.15156
324 -2.17706
325 -2.14494
326 -2.06191
327 -1.95304
328 -1.85266
329 -1.79197
330 -1.78778
331 -1.83642
332 -1.91508
333 -1.99002
334 -2.02883
335 -2.01205
336 -1.94028
337 -1.83392
338 -1.7258
339 -1.64936
340 -1.6265
341 -1.65974
342 -1.73125
343 -1.80934
344 -1.85987
345 -1.85862
346 -1.80003
347 -1.69917
348 -1.58638
349 -1.49622
350 -1.45504
351 -1.47145
352 -1.53319
353 -1.61158
354 -1.67187
355 -1.68581
356 -1.64184
357 -1.54929
358 -1.43498
359 -1.33356
360 -1.27497
361 -1.27363
362 -1.32323
363 -1.39903
364 -1.46676
365 -1.49502
366 -1.46665
367 -1.3849
368 -1.27227
369 -1.16236
370 -1.08776
371 -1.06828
372 -1.10376
373 -1.17413
374 -1.24671
375 -1.28796
376 -1.27564
377 -1.20683
378 -1.09896
379 -0.98358
380 -0.894887
381 -0.85742
382 -0.877174
383 -0.939437
384 -1.01411
385 -1.06658
386 -1.07023
387 -1.01604
388 -0.915883
389 -0.798192
390 -0.697718
391 -0.642965
392 -0.645891
393 -0.697591
394 -0.771513
395 -0.833053
396 -0.852058
397 -0.813722
398 -0.723934
399 -0.607153
400 -0.497571
401 -0.42676
402 -0.412265
403 -0.451266
404 -0.521596
405 -0.589756
406 -0.623011
407 -0.601224
408 -0.524132
409 -0.411438
410 -0.295696
411 -0.21055
412 -0.178575
413 -0.203128
414 -0.267128
415 -0.339235
416 -0.38517
417 -0.380101
418 -0.317619
419 -0.212048
420 -0.0932779
421 0.00403969
422 0.0530084
423 0.0442047
424 -0.0109186
425 -0.0841702
426 -0.140807
427 -0.152089
428 -0.105661
429 -0.0100191
430 0.108557
431 0.215501
432 0.280447
433 0.288199
434 0.244223
435 0.17267
436 0.107649
437 0.0809029
438 0.11034
439 0.193562
440 0.308729
441 0.422452
442 0.501853
443 0.526445
444 0.495534
445 0.428468
446 0.357644
447 0.316806
448 0.328849
449 0.39755
450 0.506197
451 0.623633
452 0.715506
453 0.756686
454 0.74034
455 0.6804
456 0.606532
457 0.553412
458 0.548202
459 0.600731
460 0.699945
461 0.817902
462 0.919862
463 0.976844
464 0.976092
465 0.925685
466 0.851616
467 0.788403
468 0.766612
469 0.801817
470 0.888971
471 1.00423
472 1.11356
473 1.18504
474 1.20041
475 1.16162
476 1.09019
477 1.01937
478 0.982183
479 0.999444
480 1.07227
481 1.18168
482 1.29541
483 1.37963
484 1.41111
485 1.38565
486 1.31958
487 1.24387
488 1.19293
489 1.19217
490 1.24885
491 1.34941
492 1.46442
493 1.55917
494 1.60622
495 1.59535
496 1.53719
497 1.45944
498 1.3968
499 1.37849
500 1.41766
501 1.50665
502 1.61974
503 1.72246
504 1.78404
505 1.78853
506 1.74055
507 1.66362
508 1.59168
509 1.55682
510 1.57768
511 1.65269
512 1.7607
513 1.86855
514 1.94312
515 1.96322
516 1.92732
517 1.85405
518 1.77548
519 1.72555
520 1.72781
521 1.78686
522 1.88675
523 1.99671
524 2.08227
525 2.11772
526 2.0954
527 2.02845
528 1.94608
529 1.88302
530 1.86695
531 1.90852
532 1.99748
533 2.10641
534 2.2006
535 2.25061
536 2.2429
537 2.18471
538 2.10146
539 2.02757
540 1.994
541 2.01707
542 2.09259
543 2.19735
544 2.29749
545 2.36077
546 2.36819
547 2.32088
548 2.23966
549 2.15754
550 2.10779
551 2.11191
552 2.17187
553 2.2694
554 2.37258
555 2.44738
556 2.46995
557 2.43525
558 2.35886
559 2.27134
560 2.20721
561 2.19246
562 2.23519
563 2.32262
564 2.42578
565 2.50994
566 2.54714
567 2.52635
568 2.45739
569 2.36741
570 2.29111
571 2.25814
572 2.28245
573 2.35719
574 2.45725
575 2.54826
576 2.59908
577 2.59299
578 2.53378
579 2.44433
580 2.3584
581 2.30839
582 2.31363
583 2.37345
584 2.46735
585 2.56246
586 2.62539
587 2.6343
588 2.5868
589 2.5008
590 2.40804
591 2.34263
592 2.32873
593 2.3718
594 2.45665
595 2.55292
596 2.62603
597 2.64972
598 2.61548
599 2.53568
600 2.43906
601 2.36036
602 2.32778
603 2.35277
604 2.4259
605 2.5203
606 2.60129
607 2.63901
608 2.61912
609 2.54803
610 2.45059
611 2.36107
612 2.31082
613 2.31691
614 2.37599
615 2.4655
616 2.55178
617 2.60229
618 2.59732
619 2.53714
620 2.4419
621 2.34432
622 2.27791
623 2.26484
624 2.30793
625 2.38963
626 2.47839
627 2.54
628 2.55002
629 2.50255
630 2.4124
631 2.30973
632 2.22915
633 2.19721
634 2.22281
635 2.29401
636 2.3823
637 2.45293
638 2.47746
639 2.44405
640 2.36169
641 2.25702
642 2.16464
643 2.11467
644 2.12181
645 2.18007
646 2.26492
647 2.34215
648 2.38024
649 2.36174
650 2.28957
651 2.18599
652 2.08453
653 2.01789
654 2.00612
655 2.04939
656 2.12789
657 2.20906
658 2.25926
659 2.25602
660 2.19608
661 2.09661
662 1.98902
663 1.90756
664 1.87699
665 1.90362
666 1.97304
667 2.05529
668 2.11575
669 2.12758
670 2.08147
671 1.98898
672 1.87835
673 1.78434
674 1.73564
675 1.74449
676 1.80231
677 1.88275
678 1.95123
679 1.97744
680 1.94629
681 1.86335
682 1.75286
683 1.64893
684 1.58329
685 1.57374
686 1.61779
687 1.69351
688 1.76749
689 1.8069
690 1.79133
691 1.7202
692 1.61295
693 1.50202
694 1.42113
695 1.3931
696 1.4216
697 1.48983
698 1.56659
699 1.61756
700 1.61766
701 1.56019
702 1.45917
703 1.34433
704 1.25033
705 1.20429
706 1.21593
707 1.2741
708 1.35079
709 1.41127
710 1.42662
711 1.38419
712 1.29216
713 1.17659
714 1.07203
715 1.00899
716 1.00295
717 1.04877
718 1.12252
719 1.19016
720 1.21982
721 1.1933
722 1.11271
723 0.999608
724 0.887313
725 0.808798
726 0.784809
727 0.816359
728 0.884368
729 0.956554
730 0.999098
731 0.988865
732 0.921763
733 0.814219
734 0.697251
735 0.605254
736 0.563579
737 0.579374
738 0.638999
739 0.712956
740 0.76655
741 0.772421
742 0.720435
743 0.621339
744 0.502888
745 0.399809
746 0.341259
747 0.340292
748 0.389141
749 0.462024
750 0.524463
751 0.54574
752 0.509997
753 0.421965
754 0.305255
755 0.193831
756 0.119737
757 0.101519
758 0.137528
759 0.206514
760 0.275305
761 0.310794
762 0.291899
763 0.217185
764 0.105378
765 -0.0113974
766 -0.0992226
767 -0.134642
768 -0.113137
769 -0.0507548
770 0.0216873
771 0.0697379
772 0.06776
773 0.0081943
774 -0.0957091
775 -0.214677
776 -0.313989
777 -0.366023
778 -0.36023
779 -0.306951
780 -0.233675
781 -0.175109
782 -0.160638
783 -0.203703
784 -0.29695
785 -0.414883
786 -0.523074
787 -0.590606
788 -0.601236
789 -0.55927
790 -0.488001
791 -0.421297
792 -0.391358
793 -0.417088
794 -0.497259
795 -0.610955
796 -0.725133
797 -0.806552
798 -0.833791
799 -0.804983
800 -0.738492
801 -0.666273
802 -0.62233
803 -0.630428
804 -0.695506
805 -0.80189
806 -0.91896
807 -1.01221
808 -1.05571
809 -1.04147
810 -0.982368
811 -0.907421
812 -0.851367
813 -0.842081
814 -0.890512
815 -0.986725
816 -1.10349
817 -1.20612
818 -1.26499
819 -1.26628
820 -1.21692
821 -1.1421
822 -1.07619
823 -1.0503
824 -1.08104
825 -1.16453
826 -1.27778
827 -1.38702
828 -1.4599
829 -1.47714
830 -1.43955
831 -1.36769
832 -1.29448
833 -1.25326
834 -1.2658
835 -1.33438
836 -1.441
837 -1.55387
838 -1.63889
839 -1.67199
840 -1.64781
841 -1.58162
842 -1.50386
843 -1.44906
844 -1.44344
845 -1.49538
846 -1.59243
847 -1.70579
848 -1.8007
849 -1.84903
850 -1.83944
851 -1.78144
852 -1.70199
853 -1.63575
854 -1.61255
855 -1.64662
856 -1.73144
857 -1.84209
858 -1.94429
859 -2.00672
860 -2.01241
861 -1.9648
862 -1.88656
863 -1.81135
864 -1.77169
865 -1.78718
866 -1.85745
867 -1.96227
868 -2.06889
869 -2.1438
870 -2.16494
871 -2.12959
872 -2.05537
873 -1.97391
874 -1.91936
875 -1.91612
876 -1.96995
877 -2.06597
878 -2.17395
879 -2.25931
880 -2.29555
881 -2.27387
882 -2.20633
883 -2.12148
884 -2.05408
885 -2.0325
886 -2.0685
887 -2.15295
888 -2.25918
889 -2.35256
890 -2.40303
891 -2.39598
892 -2.33751
893 -2.25223
894 -2.17436
895 -2.13537
896 -2.15264
897 -2.22312
898 -2.32448
899 -2.42316
900 -2.4865
901 -2.49454
902 -2.44721
903 -2.3644
904 -2.27873
905 -2.22378
906 -2.22198
907 -2.27645
908 -2.36994
909 -2.471
910 -2.5454
911 -2.56844
912 -2.53393
913 -2.45638
914 -2.36578
915 -2.29678
916 -2.27612
917 -2.31302
918 -2.39583
919 -2.49623
920 -2.57948
921 -2.61694
922 -2.59646
923 -2.52675
924 -2.43421
925 -2.35344
926 -2.31469
927 -2.33296
928 -2.40259
929 -2.49925
930 -2.5888
931 -2.63959
932 -2.63388
933 -2.57428
934 -2.4828
935 -2.39288
936 -2.33733
937 -2.33645
938 -2.39074
939 -2.48067
940 -2.57375
941 -2.63629
942 -2.64556
943 -2.59799
944 -2.51048
945 -2.41427
946 -2.34369
947 -2.32371
948 -2.36096
949 -2.4413
950 -2.53496
951 -2.60728
952 -2.63123
953 -2.59717
954 -2.51637
955 -2.41688
956 -2.33346
957 -2.29497
958 -2.31395
959 -2.38213
960 -2.47337
961 -2.55312
962 -2.59092
963 -2.57139
964 -2.49977
965 -2.40008
966 -2.30637
967 -2.25049
968 -2.25052
969 -2.30429
970 -2.39012
971 -2.47468
972 -2.52503
973 -2.52052
974 -2.46023
975 -2.36335
976 -2.26219
977 -2.19055
978 -2.17149
979 -2.209
980 -2.28656
981 -2.37311
982 -2.43427
983 -2.44475
984 -2.39754
985 -2.30635
986 -2.20076
987 -2.11545
988 -2.07771
989 -2.09759
990 -2.16424
991 -2.24984
992 -2.31967
993 -2.34462
994 -2.31175
995 -2.22892
996 -2.12201
997 -2.02549
998 -1.97004
999 -1.97143
1000 -2.02482
1001 -2.10653
1002 -2.18257
1003 -2.22095
1004 -2.2032
1005 -2.1311
1006 -2.02597
1007 -1.92102
1008 -1.84934
1009 -1.83192
1010 -1.87009
1011 -1.94504
1012 -2.0246
1013 -2.0749
1014 -2.07254
1015 -2.01313
1016 -1.9128
1017 -1.80244
1018 -1.71647
1019 -1.68046
1020 -1.70188
1021 -1.76738
1022 -1.84763
1023 -1.90792
1024 -1.9207
1025 -1.87551
1026 -1.78281
1027 -1.67016
1028 -1.57227
1029 -1.51847
1030 -1.5221
1031 -1.57572
1032 -1.65375
1033 -1.72177
1034 -1.74889
1035 -1.71899
1036 -1.63647
1037 -1.5247
1038 -1.41759
1039 -1.3473
1040 -1.33264
1041 -1.37229
1042 -1.44525
1043 -1.51843
1044 -1.55865
1045 -1.54456
1046 -1.4744
1047 -1.36664
1048 -1.25328
1049 -1.1683
1050 -1.13539
1051 -1.15938
1052 -1.22452
1053 -1.30014
1054 -1.35174
1055 -1.35347
1056 -1.29746
1057 -1.19666
1058 -1.08018
1059 -0.982743
1060 -0.932166
1061 -0.939302
1062 -0.994115
1063 -1.06931
1064 -1.1302
1065 -1.14724
1066 -1.10667
1067 -1.01556
1068 -0.899163
1069 -0.791873
1070 -0.724753
1071 -0.714324
1072 -0.756599
1073 -0.828523
1074 -0.896302
1075 -0.927615
1076 -0.903292
1077 -0.824241
1078 -0.71112
1079 -0.596875
1080 -0.514836
1081 -0.486676
1082 -0.514581
1083 -0.58046
1084 -0.652484
1085 -0.696585
1086 -0.688766
1087 -0.623772
1088 -0.516989
1089 -0.398888
1090 -0.304011
1091 -0.258498
1092 -0.270639
1093 -0.327879
1094 -0.401359
1095 -0.45634
1096 -0.464754
1097 -0.415352
1098 -0.317761
1099 -0.199012
1100 -0.0937735
1101 -0.0318232
1102 -0.0272934
1103 -0.0735641
1104 -0.145655
1105 -0.209254
1106 -0.233111
1107 -0.200335
1108 -0.11449
1109 0.00168211
1110 0.114488
1111 0.191447
1112 0.213032
1113 0.179721
1114 0.111824
1115 0.0421449
1116 0.00412766
1117 0.0197733
1118 0.0916893
1119 0.202147
1120 0.319486
1121 0.409554
1122 0.448043
1123 0.429273
1124 0.368244
1125 0.295213
1126 0.244766
1127 0.243315
1128 0.29956
1129 0.401342
1130 0.520037
1131 0.620896
1132 0.675599
1133 0.672489
1134 0.62078
1135 0.547229
1136 0.486468
1137 0.46849
1138 0.50781
1139 0.598224
1140 0.715047
1141 0.824031
1142 0.89374
1143 0.906906
1144 0.866667
1145 0.795435
1146 0.726793
1147 0.693368
1148 0.715034
1149 0.791735
1150 0.903506
1151 1.01768
1152 1.1007
1153 1.13023
1154 1.10324
1155 1.03708
1156 0.963223
1157 0.915906
1158 0.91973
1159 0.980792
1160 1.08448
1161 1.20073
1162 1.29493
1163 1.34038
1164 1.32797
1165 1.26945
1166 1.1932
1167 1.13397
1168 1.12031
1169 1.16428
1170 1.25708
1171 1.37221
1172 1.47508
1173 1.53549
1174 1.53852
1175 1.48996
1176 1.41418
1177 1.34535
1178 1.3151
1179 1.34104
1180 1.42047
1181 1.5313
1182 1.64004
1183 1.71393
1184 1.73275
1185 1.69611
1186 1.62363
1187 1.54783
1188 1.50236
1189 1.50988
1190 1.57386
1191 1.67729
1192 1.78889
1193 1.87436
1194 1.90877
1195 1.88563
1196 1.81914
1197 1.73914
1198 1.6803
1199 1.66956
1200 1.71646
1201 1.80963
1202 1.92094
1203 2.01565
1204 2.06497
1205 2.05641
1206 1.99839
1207 1.9171
1208 1.8471
1209 1.8188
1210 1.84749
1211 1.92781
1212 2.03567
1213 2.137
1214 2.19999
1215 2.20664
1216 2.15925
1217 2.07957
1218 2.00095
1219 1.95631
1220 1.96621
1221 2.03145
1222 2.13277
1223 2.23781
1224 2.31279
1225 2.33474
1226 2.29978
1227 2.22451
1228 2.14004
1229 2.08075
1230 2.07183
1231 2.12021
1232 2.21206
1233 2.31776
1234 2.40264
1235 2.43945
1236 2.41827
1237 2.35004
1238 2.26264
1239 2.19081
1240 2.16359
1241 2.19381
1242 2.27352
1243 2.37678
1244 2.46908
1245 2.51981
1246 2.51329
1247 2.45446
1248 2.3671
1249 2.2852
1250 2.24072
1251 2.25203
1252 2.31725
1253 2.41498
1254 2.51197
1255 2.57519
1256 2.5837
1257 2.5363
1258 2.45188
1259 2.36264
1260 2.30247
1261 2.29464
1262 2.34347
1263 2.43271
1264 2.53146
1265 2.60528
1266 2.62868
1267 2.59431
1268 2.51561
1269 2.42196
1270 2.34808
1271 2.32146
1272 2.35244
1273 2.43047
1274 2.52793
1275 2.61011
1276 2.64772
1277 2.62753
1278 2.5571
1279 2.46206
1280 2.37686
1281 2.33233
1282 2.34452
1283 2.40891
1284 2.50204
1285 2.59
1286 2.64067
1287 2.63531
1288 2.57538
1289 2.48195
1290 2.38814
1291 2.3271
1292 2.32011
1293 2.36881
1294 2.45465
1295 2.5456
1296 2.60769
1297 2.61731
1298 2.56974
1299 2.48083
1300 2.3813
1301 2.30565
1302 2.27964
1303 2.31105
1304 2.38682
1305 2.47781
1306 2.54929
1307 2.5735
1308 2.53971
1309 2.45804
1310 2.35585
1311 2.26786
1312 2.22355
1313 2.23657
1314 2.29978
1315 2.38782
1316 2.4663
1317 2.50421
1318 2.48513
1319 2.41314
1320 2.31138
1321 2.21368
1322 2.15232
1323 2.14639
1324 2.19487
1325 2.27701
1326 2.35985
1327 2.41009
1328 2.40614
1329 2.34592
1330 2.24762
1331 2.1431
1332 2.06643
1333 2.04153
1334 2.07354
1335 2.14699
1336 2.23136
1337 2.29211
1338 2.30319
1339 2.25642
1340 2.16444
1341 2.05618
1342 1.96638
1343 1.92304
1344 1.93732
1345 1.9995
1346 2.08247
1347 2.15156
1348 2.17706
1349 2.14494
1350 2.06191
1351 1.95304
1352 1.85266
1353 1.79197
1354 1.78778
1355 1.83642
1356 1.91508
1357 1.99002
1358 2.02883
1359 2.01205
1360 1.94028
1361 1.83392
1362 1.7258
1363 1.64936
1364 1.6265
1365 1.65974
1366 1.73125
1367 1.80934
1368 1.85987
1369 1.85862
1370 1.80003
1371 1.69917
1372 1.58638
1373 1.49622
1374 1.45504
1375 1.47145
1376 1.53319
1377 1.61158
1378 1.67187
1379 1.68581
1380 1.64184
1381 1.54929
1382 1.43498
1383 1.33356
1384 1.27497
1385 1.27363
1386 1.32323
1387 1.39903
1388 1.46676
1389 1.49502
1390 1.46665
1391 1.3849
1392 1.27227
1393 1.16236
1394 1.08776
1395 1.06828
1396 1.10376
1397 1.17413
1398 1.24671
1399 1.28796
1400 1.27564
1401 1.20683
1402 1.09896
1403 0.98358
1404 0.894887
1405 0.85742
1406 0.877174
1407 0.939437
1408 1.01411
1409 1.06658
1410 1.07023
1411 1.01604
1412 0.915883
1413 0.798192
1414 0.697718
1415 0.642965
1416 0.645891
1417 0.697591
1418 0.771513
1419 0.833053
1420 0.852058
1421 0.813722
1422 0.723934
1423 0.607153
1424 0.497571
1425 0.42676
1426 0.412265
1427 0.451266
1428 0.521596
1429 0.589756
1430 0.623011
1431 0.601224
1432 0.524132
1433 0.411438
1434 0.295696
1435 0.21055
1436 0.178575
1437 0.203128
1438 0.267128
1439 0.339235
1440 0.38517
1441 0.380101
1442 0.317619
1443 0.212048
1444 0.0932779
1445 -0.00403969
1446 -0.0530084
1447 -0.0442047
1448 0.0109186
1449 0.0841702
1450 0.140807
1451 0.152089
1452 0.105661
1453 0.0100191
1454 -0.108557
1455 -0.215501
1456 -0.280447
1457 -0.288199
1458 -0.244223
1459 -0.17267
1460 -0.107649
1461 -0.0809029
1462 -0.11034
1463 -0.193562
1464 -0.308729
1465 -0.422452
1466 -0.501853
1467 -0.526445
1468 -0.495534
1469 -0.428468
1470 -0.357644
1471 -0.316806
1472 -0.328849
1473 -0.39755
1474 -0.506197
1475 -0.623633
1476 -0.715506
1477 -0.756686
1478 -0.74034
1479 -0.6804
1480 -0.606532
1481 -0.553412
1482 -0.548202
1483 -0.600731
1484 -0.699945
1485 -0.817902
1486 -0.919862
1487 -0.976844
1488 -0.976092
1489 -0.925685
1490 -0.851616
1491 -0.788403
1492 -0.766612
1493 -0.801817
1494 -0.888971
1495 -1.00423
1496 -1.11356
1497 -1.18504
1498 -1.20041
1499 -1.16162
1500 -1.09019
1501 -1.01937
1502 -0.982183
1503 -0.999444
1504 -1.07227
1505 -1.18168
1506 -1.29541
1507 -1.37963
1508 -1.41111
1509 -1.38565
1510 -1.31958
1511 -1.24387
1512 -1.19293
1513 -1.19217
1514 -1.24885
1515 -1.34941
1516 -1.46442
1517 -1.55917
1518 -1.60622
1519 -1.59535
1520 -1.53719
1521 -1.45944
1522 -1.3968
1523 -1.37849
1524 -1.41766
1525 -1.50665
1526 -1.61974
1527 -1.72246
1528 -1.78404
1529 -1.78853
1530 -1.74055
1531 -1.66362
1532 -1.59168
1533 -1.55682
1534 -1.57768
1535 -1.65269
1536 -1.7607
1537 -1.86855
1538 -1.94312
1539 -1.96322
1540 -1.92732
1541 -1.85405
1542 -1.77548
1543 -1.72555
1544 -1.72781
1545 -1.78686
1546 -1.88675
1547 -1.99671
1548 -2.08227
1549 -2.11772
1550 -2.0954
1551 -2.02845
1552 -1.94608
1553 -1.88302
1554 -1.86695
1555 -1.90852
1556 -1.99748
1557 -2.10641
1558 -2.2006
1559 -2.25061
1560 -2.2429
1561 -2.18471
1562 -2.10146
1563 -2.02757
1564 -1.994
1565 -2.01707
1566 -2.09259
1567 -2.19735
1568 -2.29749
1569 -2.36077
1570 -2.36819
1571 -2.32088
1572 -2.23966
1573 -2.15754
1574 -2.10779
1575 -2.11191
1576 -2.17187
1577 -2.2694
1578 -2.37258
1579 -2.44738
1580 -2.46995
1581 -2.43525
1582 -2.35886
1583 -2.27134
1584 -2.20721
1585 -2.19246
1586 -2.23519
1587 -2.32262
1588 -2.42578
1589 -2.50994
1590 -2.54714
1591 -2.52635
1592 -2.45739
1593 -2.36741
1594 -2.29111
1595 -2.25814
1596 -2.28245
1597 -2.35719
1598 -2.45725
1599 -2.54826
1600 -2.59908
1601 -2.59299
1602 -2.53378
1603 -2.44433
1604 -2.3584
1605 -2.30839
1606 -2.31363
1607 -2.37345
1608 -2.46735
1609 -2.56246
1610 -2.62539
1611 -2.6343
1612 -2.5868
1613 -2.5008
1614 -2.40804
1615 -2.34263
1616 -2.32873
1617 -2.3718
1618 -2.45665
1619 -2.55292
1620 -2.62603
1621 -2.64972
1622 -2.61548
1623 -2.53568
1624 -2.43906
1625 -2.36036
1626 -2.32778
1627 -2.35277
1628 -2.4259
1629 -2.5203
1630 -2.60129
1631 -2.63901
1632 -2.61912
1633 -2.54803
1634 -2.45059
1635 -2.36107
1636 -2.31082
1637 -2.31691
1638 -2.37599
1639 -2.4655
1640 -2.55178
1641 -2.60229
1642 -2.59732
1643 -2.53714
1644 -2.4419
1645 -2.34432
1646 -2.27791
1647 -2.26484
1648 -2.30793
1649 -2.38963
1650 -2.47839
1651 -2.54
1652 -2.55002
1653 -2.50255
1654 -2.4124
1655 -2.30973
1656 -2.22915
1657 -2.19721
1658 -2.22281
1659 -2.29401
1660 -2.3823
1661 -2.45293
1662 -2.47746
1663 -2.44405
1664 -2.36169
1665 -2.25702
1666 -2.16464
1667 -2.11467
1668 -2.12181
1669 -2.18007
1670 -2.26492
1671 -2.34215
1672 -2.38024
1673 -2.36174
1674 -2.28957
1675 -2.18599
1676 -2.08453
1677 -2.01789
1678 -2.00612
1679 -2.04939
1680 -2.12789
1681 -2.20906
1682 -2.25926
1683 -2.25602
1684 -2.19608
1685 -2.09661
1686 -1.98902
1687 -1.90756
1688 -1.87699
1689 -1.90362
1690 -1.97304
1691 -2.05529
1692 -2.11575
1693 -2.12758
1694 -2.08147
1695 -1.98898
1696 -1.87835
1697 -1.78434
1698 -1.73564
1699 -1.74449
1700 -1.80231
1701 -1.88275
1702 -1.95123
1703 -1.97744
1704 -1.94629
1705 -1.86335
1706 -1.75286
1707 -1.64893
1708 -1.58329
1709 -1.57374
1710 -1.61779
1711 -1.69351
1712 -1.76749
1713 -1.8069
1714 -1.79133
1715 -1.7202
1716 -1.61295
1717 -1.50202
1718 -1.42113
1719 -1.3931
1720 -1.4216
1721 -1.48983
1722 -1.56659
1723 -1.61756
1724 -1.61766
1725 -1.56019
1726 -1.45917
1727 -1.34433
1728 -1.25033
1729 -1.20429
1730 -1.21593
1731 -1.2741
1732 -1.35079
1733 -1.41127
1734 -1.42662
1735 -1.38419
1736 -1.29216
1737 -1.17659
1738 -1.07203
1739 -1.00899
1740 -1.00295
1741 -1.04877
1742 -1.12252
1743 -1.19016
1744 -1.21982
1745 -1.1933
1746 -1.11271
1747 -0.999608
1748 -0.887313
1749 -0.808798
1750 -0.784809
1751 -0.816359
1752 -0.884368
1753 -0.956554
1754 -0.999098
1755 -0.988865
1756 -0.921763
1757 -0.814219
1758 -0.697251
1759 -0.605254
1760 -0.563579
1761 -0.579374
1762 -0.638999
1763 -0.712956
1764 -0.76655
1765 -0.772421
1766 -0.720435
1767 -0.621339
1768 -0.502888
1769 -0.399809
1770 -0.341259
1771 -0.340292
1772 -0.389141
1773 -0.462024
1774 -0.524463
1775 -0.54574
1776 -0.509997
1777 -0.421965
1778 -0.305255
1779 -0.193831
1780 -0.119737
1781 -0.101519
1782 -0.137528
1783 -0.206514
1784 -0.275305
1785 -0.310794
1786 -0.291899
1787 -0.217185
1788 -0.105378
1789 0.0113974
1790 0.0992226
1791 0.134642
1792 0.113137
1793 0.0507548
1794 -0.0216873
1795 -0.0697379
1796 -0.06776
1797 -0.0081943
1798 0.0957091
1799 0.214677
1800 0.313989
1801 0.366023
1802 0.36023
1803 0.306951
1804 0.233675
1805 0.175109
1806 0.160638
1807 0.203703
1808 0.29695
1809 0.414883
1810 0.523074
1811 0.590606
1812 0.601236
1813 0.55927
1814 0.488001
1815 0.421297
1816 0.391358
1817 0.417088
1818 0.497259
1819 0.610955
1820 0.725133
1821 0.806552
1822 0.833791
1823 0.804983
1824 0.738492
1825 0.666273
1826 0.62233
1827 0.630428
1828 0.695506
1829 0.80189
1830 0.91896
1831 1.01221
1832 1.05571
1833 1.04147
1834 0.982368
1835 0.907421
1836 0.851367
1837 0.842081
1838 0.890512
1839 0.986725
1840 1.10349
1841 1.20612
1842 1.26499
1843 1.26628
1844 1.21692
1845 1.1421
1846 1.07619
1847 1.0503
1848 1.08104
1849 1.16453
1850 1.27778
1851 1.38702
1852 1.4599
1853 1.47714
1854 1.43955
1855 1.36769
1856 1.29448
1857 1.25326
1858 1.2658
1859 1.33438
1860 1.441
1861 1.55387
1862 1.63889
1863 1.67199
1864 1.64781
1865 1.58162
1866 1.50386
1867 1.44906
1868 1.44344
1869 1.49538
1870 1.59243
1871 1.70579
1872 1.8007
1873 1.84903
1874 1.83944
1875 1.78144
1876 1.70199
1877 1.63575
1878 1.61255
1879 1.64662
1880 1.73144
1881 1.84209
1882 1.94429
1883 2.00672
1884 2.01241
1885 1.9648
1886 1.88656
1887 1.81135
1888 1.77169
1889 1.78718
1890 1.85745
1891 1.96227
1892 2.06889
1893 2.1438
1894 2.16494
1895 2.12959
1896 2.05537
1897 1.97391
1898 1.91936
1899 1.91612
1900 1.96995
1901 2.06597
1902 2.17395
1903 2.25931
1904 2.29555
1905 2.27387
1906 2.20633
1907 2.12148
1908 2.05408
1909 2.0325
1910 2.0685
1911 2.15295
1912 2.25918
1913 2.35256
1914 2.40303
1915 2.39598
1916 2.33751
1917 2.25223
1918 2.17436
1919 2.13537
1920 2.15264
1921 2.22312
1922 2.32448
1923 2.42316
1924 2.4865
1925 2.49454
1926 2.44721
1927 2.3644
1928 2.27873
1929 2.22378
1930 2.22198
1931 2.27645
1932 2.36994
1933 2.471
1934 2.5454
1935 2.56844
1936 2.53393
1937 2.45638
1938 2.36578
1939 2.29678
1940 2.27612
1941 2.31302
1942 2.39583
1943 2.49623
1944 2.57948
1945 2.61694
1946 2.59646
1947 2.52675
1948 2.43421
1949 2.35344
1950 2.31469
1951 2.33296
1952 2.40259
1953 2.49925
1954 2.5888
1955 2.63959
1956 2.63388
1957 2.57428
1958 2.4828
1959 2.39288
1960 2.33733
1961 2.33645
1962 2.39074
1963 2.48067
1964 2.57375
1965 2.63629
1966 2.64556
1967 2.59799
1968 2.51048
1969 2.41427
1970 2.34369
1971 2.32371
1972 2.36096
1973 2.4413
1974 2.53496
1975 2.60728
1976 2.63123
1977 2.59717
1978 2.51637
1979 2.41688
1980 2.33346
1981 2.29497
1982 2.31395
1983 2.38213
1984 2.47337
1985 2.55312
1986 2.59092
1987 2.57139
1988 2.49977
1989 2.40008
1990 2.30637
1991 2.25049
1992 2.25052
1993 2.30429
1994 2.39012
1995 2.47468
1996 2.52503
1997 2.52052
1998 2.46023
1999 2.36335
2000 2.26219
2001 2.19055
2002 2.17149
2003 2.209
2004 2.28656
2005 2.37311
2006 2.43427
2007 2.44475
2008 2.39754
2009 2.30635
2010 2.20076
2011 2.11545
2012 2.07771
2013 2.09759
2014 2.16424
2015 2.24984
2016 2.31967
2017 2.34462
2018 2.31175
2019 2.22892
2020 2.12201
2021 2.02549
2022 1.97004
2023 1.97143
2024 2.02482
2025 2.10653
2026 2.18257
2027 2.22095
2028 2.2032
2029 2.1311
2030 2.02597
2031 1.92102
2032 1.84934
2033 1.83192
2034 1.87009
2035 1.94504
2036 2.0246
2037 2.0749
2038 2.07254
2039 2.01313
2040 1.9128
2041 1.80244
2042 1.71647
2043 1.68046
2044 1.70188
2045 1.76738
2046 1.84763
2047 1.90792
